10000
33
94
-82
-19
-10
85
-34
-60
-49
84
-39
-48
34
-32
74
-79
85
-15
44
-24
100
51
-52
-34
-93
29
-89
-93
-27
-55
-9
88
30
-38
77
-69
-78
-50
-55
36
82
96
-76
-58
-16
11
86
11
17
-51
22
-53
30
4
35
47
80
61
52
-85
74
-66
-44
-56
-6
-63
-83
83
34
75
98
12
-97
61
85
-100
2
-7
-42
54
74
12
-19
24
56
-46
-36
-41
-64
-35
19
75
-93
-53
76
-67
22
41
44
-13
38
93
-38
49
52
-61
72
51
12
42
-94
25
29
92
-68
91
55
84
90
0
-65
-57
13
-50
-83
-8
86
-42
-31
92
53
88
80
-57
18
1
59
45
3
-67
1
-13
-92
-97
-94
67
10
-24
-74
72
97
88
98
90
99
-31
-77
-72
35
28
55
-100
-99
-44
58
30
-38
38
21
-71
-53
70
64
4
67
-43
53
-9
-30
-43
-64
94
-43
-17
7
-94
2
-7
71
-38
65
28
-11
56
-57
-97
-3
-19
3
-16
49
98
51
2
70
-48
65
-8
-45
52
-23
22
15
-90
-57
17
-15
13
86
-42
-96
61
12
8
-21
-69
-75
-30
-24
71
-82
1
-84
-61
66
-10
58
-90
-97
-47
29
99
33
-34
26
-86
56
-54
-78
-15
19
76
-40
86
98
24
-32
-26
-40
72
59
-80
5
66
-51
16
65
46
-10
-15
-31
89
71
-33
-75
-19
29
88
63
15
27
88
63
87
87
-43
-70
61
46
47
94
-49
93
-73
56
81
14
95
-22
-67
17
-8
91
-56
71
12
-19
40
10
70
33
-44
-28
61
16
-6
11
93
53
15
-92
-95
-41
1
-18
-15
-34
-3
71
-49
56
78
-16
-81
-11
69
-40
9
92
-24
-93
-31
54
-63
15
29
52
-17
6
36
-40
-97
-32
47
36
-28
-24
-72
-84
83
-7
8
-3
-24
-3
-82
92
32
56
-80
74
-61
88
-29
89
-95
-34
-25
10
-15
-11
100
50
-98
75
-79
6
17
-7
-84
-14
49
3
84
99
100
57
100
72
52
-9
50
-78
-96
-89
-71
56
81
-77
39
-44
-74
10
1
12
51
51
40
-68
5
75
38
-44
-79
-33
-25
88
86
-73
97
75
36
-41
35
-55
-19
35
53
89
-28
16
47
87
56
5
90
72
-2
51
2
23
74
-100
-94
68
19
48
-76
-42
8
98
-85
-10
-45
92
-13
25
-59
-11
22
38
-56
42
-10
-31
7
-25
83
-99
38
-81
77
-68
9
96
85
-57
-47
-50
-30
-78
89
-54
98
-87
-9
21
-59
58
17
-89
35
66
18
-41
-19
-96
-49
46
70
-82
-74
93
47
66
-68
65
43
17
6
26
80
82
-78
-14
-96
99
-14
82
-33
-4
22
66
72
-53
42
97
-6
24
-66
88
-25
-38
61
33
-73
54
19
26
25
-30
-69
-8
95
64
1
43
63
79
-33
-82
81
-86
-4
-15
-47
-46
-23
-72
-11
-39
-87
-97
-74
56
-37
94
-99
94
-93
-62
-80
-61
27
-8
62
87
13
-41
-21
-24
-49
-2
-43
46
52
24
85
86
-20
-33
-64
12
-99
54
28
14
33
-77
76
-10
26
-11
-84
55
-20
-45
91
78
-11
19
-54
26
-5
-57
20
38
70
16
73
55
-55
-35
-49
-85
32
-2
3
-8
20
-65
-69
-19
-24
-59
-65
24
-4
-100
83
52
-57
74
-16
89
-79
80
37
68
46
-83
69
-8
61
-97
-59
-61
5
8
45
81
74
1
77
36
75
49
93
-12
-72
47
12
22
51
75
-82
72
-81
-61
65
56
-15
72
-15
-97
42
-30
-78
97
-18
68
45
-10
-13
92
-43
83
-12
9
-78
-12
52
-54
-76
-43
-72
-1
-25
-27
98
-47
82
-37
-93
-52
27
29
22
-75
-19
65
-81
-73
-44
95
6
-24
-45
24
-100
-58
-20
-38
18
-56
19
49
5
-97
-43
-49
-32
58
49
17
-70
-4
86
-65
-1
36
50
1
36
54
58
-67
19
65
52
1
23
43
31
-49
-14
-25
73
-45
33
43
5
-79
62
10
38
83
46
22
-39
-25
-22
-6
88
-15
-29
-44
-76
60
26
-17
-2
98
-47
-59
44
-34
-56
-83
32
-84
51
20
33
69
52
57
48
-49
30
-56
-49
-50
-10
-45
39
-75
-44
-28
-85
83
50
40
85
24
65
-55
-23
36
41
96
19
-83
-42
-18
-64
36
30
64
-37
27
71
-23
22
62
-37
68
-34
96
68
-32
-42
52
77
29
46
-16
-87
5
-13
51
55
82
-48
-48
-94
-51
-17
-68
-87
-61
86
43
90
85
16
78
25
-55
45
11
-79
-12
43
100
42
-63
56
9
-20
-16
91
59
79
29
69
-33
91
-90
-65
-33
84
34
-86
-24
-62
75
-49
-88
98
-27
38
100
63
93
77
73
-75
-56
52
63
-16
-95
51
-99
85
-95
80
22
-11
15
-82
-12
38
40
-12
30
85
-67
90
-96
-19
18
76
-94
-45
8
-77
2
50
-46
5
-47
39
71
29
58
19
36
-45
-57
-6
10
24
-29
-97
-70
-70
-85
-58
-10
-51
88
-55
54
39
13
-48
88
52
7
-46
-55
-49
25
-68
-7
37
34
20
28
40
-58
-96
-6
100
-21
-11
24
-52
-74
-62
-38
76
-2
41
-31
47
-35
-78
-57
-30
-5
63
4
-4
80
-26
-97
-42
-59
13
-91
-24
-70
2
-9
4
95
84
78
-9
55
-75
17
-28
-73
-5
14
-68
-68
-4
67
10
57
-28
-20
-39
-48
75
-32
-67
-2
97
69
48
-40
29
98
79
68
-6
-18
72
100
23
-60
-39
-2
19
29
92
-29
-45
-3
-11
-87
-19
-6
-78
73
-40
39
-13
-97
-15
27
-44
-64
28
77
35
-30
-37
58
41
83
41
62
51
20
84
74
-68
-94
43
44
-2
7
-26
-71
-13
75
-51
45
-23
42
66
26
-4
95
28
61
-38
-53
-23
-55
-13
-55
-80
-19
57
16
75
-24
-15
-86
-91
8
9
71
-45
15
44
-64
29
-36
-17
-21
-100
66
18
73
-40
49
-81
92
95
90
70
97
-80
-41
2
8
74
58
1
-79
48
-72
83
25
-69
-21
-48
-8
-88
24
5
-62
51
57
37
29
42
-40
83
-71
72
77
-47
87
54
-96
-3
96
-3
-64
-95
30
97
-10
-16
79
20
-48
-40
-22
90
-93
-3
-3
33
-43
59
4
-73
-14
25
52
-57
-82
-25
-27
61
56
-87
-70
-81
58
-2
0
70
85
-66
53
-50
-54
89
35
30
-75
4
-90
79
36
95
-85
-89
75
42
53
-37
75
84
24
91
-25
-38
-10
12
-89
26
-76
10
-80
72
91
50
-24
-32
97
92
67
99
-26
-15
-76
-58
12
-68
83
-99
96
-68
86
10
64
58
-80
50
69
34
96
-21
-99
-75
34
-98
63
-100
29
-94
55
24
44
6
-18
-92
28
-88
-4
-24
10
-19
44
-6
-94
43
-29
-64
98
-61
56
-66
37
67
-37
-24
-86
-81
63
-67
16
-75
79
-65
29
52
0
89
-10
36
14
-61
79
62
80
-10
-51
-68
-65
90
-46
99
-70
52
60
38
66
-61
83
65
-1
-1
-2
86
-100
-59
-35
-84
60
-91
-21
59
43
31
59
-66
47
-53
41
94
-2
-62
82
-91
72
-22
98
9
-20
-38
-75
34
-31
91
-38
-95
-9
-39
21
86
52
-35
-6
-89
-48
-29
-100
73
-28
63
-98
11
-58
-99
-20
-51
40
-61
-20
12
-28
9
7
74
-83
-60
9
-12
99
-60
30
-27
-89
-22
96
1
50
21
-18
-27
-92
-37
47
80
-79
72
83
51
61
49
-44
53
24
-5
-84
95
19
-77
96
78
-74
99
-25
1
-58
-18
98
-14
27
97
16
-96
-57
-59
33
87
0
-36
-76
-39
-43
89
-14
-91
95
-20
-70
-53
-83
-52
71
-58
-43
42
67
-6
60
-33
4
94
86
89
-12
17
32
-92
-89
81
-16
-84
36
0
73
-93
73
100
-87
24
68
10
-53
72
-78
-28
64
-86
-22
46
-88
19
1
0
60
-68
14
-10
0
-84
-98
-67
19
97
28
8
71
-95
4
71
54
62
-42
-63
-53
33
-39
-61
4
-51
66
83
34
100
40
15
-31
73
-100
-93
-27
-98
54
-71
90
7
-6
60
-3
19
38
-5
-99
-78
66
-45
69
6
-25
33
82
-81
79
31
-42
-80
-59
87
75
-34
58
44
-91
83
79
-38
-22
80
71
54
-34
85
-48
4
-24
60
65
-42
54
-77
-58
-51
35
-18
-54
-60
-58
30
-3
96
-48
44
-26
49
86
-2
-58
1
73
-25
99
-92
80
-30
12
67
-44
37
-25
92
-75
-67
20
-89
5
-10
25
-64
-69
-13
28
-87
46
50
-80
44
52
100
49
-61
-76
67
19
-1
-44
28
-41
38
-94
-89
-69
-46
-90
-33
-51
41
-45
14
61
39
-60
-64
-3
-15
-17
-44
44
-4
46
29
82
40
7
-35
-9
-67
-99
26
100
21
-67
-78
41
55
23
30
-82
-49
-66
84
55
73
85
91
9
59
45
45
-53
48
82
-91
-61
86
37
-80
15
-14
-30
-24
75
28
-79
18
-5
76
14
-24
-95
98
-12
-51
28
43
36
-31
96
15
-59
-33
49
33
-72
70
38
-6
-30
-53
-19
-27
5
65
16
-65
53
51
41
-17
53
40
87
-92
-81
-1
-15
-37
-81
-76
40
55
-27
-64
47
86
-23
-21
38
-73
-70
-51
-75
-55
97
22
-32
7
25
-54
38
-32
-90
98
98
-85
25
-64
-99
-70
-64
29
49
-69
49
-54
91
100
17
-67
-31
96
-64
71
77
-13
76
48
96
-22
-27
-28
87
-72
-60
-58
-12
59
40
96
-25
-11
17
75
47
-10
-21
58
2
85
-51
-2
66
65
-20
-68
-83
95
-7
-58
2
-75
-64
-58
52
25
-18
25
-34
11
55
-36
58
-51
-16
-80
13
-48
-34
-85
-70
10
68
20
-4
83
78
90
40
12
-19
-4
-75
18
-7
70
-73
-98
-4
-41
-86
60
65
-16
80
57
-51
-88
-48
-78
-65
-78
-23
39
2
-90
91
-30
-90
-29
1
35
-55
90
-87
22
20
74
-37
8
34
-38
-88
27
15
5
-91
83
-94
-49
-59
-24
59
-39
51
22
-90
23
72
94
-70
-53
33
41
-43
32
-49
53
-45
-49
-85
87
-85
-74
-74
-31
45
78
-15
36
-47
22
56
-33
3
-85
-71
-14
-75
91
82
-49
33
-68
89
-87
-66
-5
56
-5
-54
92
52
-80
41
4
81
64
-94
-15
15
-73
-37
-5
-32
53
-46
61
-100
15
22
35
-41
-93
-48
-42
-15
-87
-89
48
93
-94
-6
68
45
50
20
-12
-39
-32
81
-16
-3
-71
99
-24
-61
45
26
-18
-85
-52
-6
10
13
-79
-44
35
-52
-38
16
86
13
2
-65
-27
96
51
-15
42
42
-43
33
-68
-50
-24
10
39
-14
-59
-81
-86
-36
12
-83
17
90
-7
4
24
-83
14
92
28
37
89
18
-80
-64
77
-57
-51
94
99
-62
48
-29
-69
41
-38
85
-86
100
-30
40
-50
-95
-13
-79
-1
-87
41
91
73
38
-100
17
-5
-24
49
13
-41
34
-63
-61
-69
-10
-96
95
36
-61
20
41
47
-50
-11
-44
89
5
22
27
-56
11
-14
23
-67
45
-99
18
41
-75
-9
31
-16
-1
-39
27
73
67
68
11
100
-67
95
94
-32
95
26
14
99
-39
-81
-38
28
96
77
-71
-39
21
8
82
29
36
-48
-63
-81
-46
62
-58
87
19
31
30
65
-100
-68
35
65
69
35
-4
-63
-31
78
9
12
-9
40
87
59
57
55
93
-17
66
-85
33
-69
39
94
-20
-60
33
-24
40
-52
-49
4
78
54
95
-81
46
91
86
-36
-17
-15
18
36
91
27
43
-51
98
7
-3
65
-94
9
-10
4
78
-21
66
92
37
-46
-45
90
14
-39
6
83
94
64
-80
43
94
52
-22
75
70
97
96
47
-50
-29
-69
-54
8
-41
48
99
9
-54
39
29
7
48
3
-54
-17
99
-16
11
66
6
-98
6
-86
83
-40
-68
19
79
54
-85
63
-75
38
63
-75
-46
100
45
73
49
-36
-38
-6
40
-52
-90
22
71
-59
87
35
57
-54
83
94
25
84
15
90
22
-57
-70
61
22
60
-91
70
23
49
-45
59
-51
-35
-86
-42
30
4
32
-57
-82
67
-20
-64
-53
56
-85
-57
6
53
-17
66
83
-35
71
-44
-69
11
46
95
69
-81
74
8
65
42
-60
-86
-13
-23
-42
47
35
26
-32
-42
-78
78
74
-27
2
19
40
-23
48
-81
-31
78
-31
88
-6
-88
85
-54
-46
69
87
-21
-81
-58
30
61
62
31
84
-72
59
-12
35
33
43
67
72
-52
-42
-57
-34
17
42
47
7
45
2
-55
39
3
46
86
-67
-46
89
82
67
96
-24
81
48
-28
43
99
20
-33
-65
9
98
95
29
77
-23
-50
-30
74
88
-86
69
-14
34
-82
-75
21
-29
95
-72
-47
-44
63
-34
12
-38
74
84
27
13
-86
-28
-1
65
93
16
-60
-5
-58
49
-21
36
76
31
33
14
-52
-70
19
-88
94
92
35
92
73
85
44
-31
-82
61
100
42
46
-38
-4
-75
93
-1
-50
-77
38
-99
-34
23
-88
-90
-7
95
-97
27
-16
-29
-5
-7
68
-78
-61
5
-8
0
46
85
-83
16
-95
-83
6
-12
-68
-6
-62
42
29
-49
-36
12
-17
28
38
-98
-71
90
-38
-73
-96
-16
-11
81
77
38
-19
-48
-48
-98
-89
-26
60
-14
-15
31
23
-36
-10
28
34
100
-51
96
48
-89
-99
44
13
59
85
76
-69
-83
61
-10
-26
-4
-86
98
40
-5
-51
-86
80
-70
-4
69
-54
0
-1
-57
-34
-27
-55
96
-38
18
74
-45
-76
-81
15
84
27
-22
-76
-25
26
-65
2
-67
53
8
93
-10
-37
-56
65
24
-32
-41
-46
16
23
-78
53
-72
-51
-21
-73
50
-68
59
46
91
-98
91
-53
-77
19
20
-39
83
89
74
-91
76
89
57
-3
5
0
-74
-20
-53
1
1
-34
-72
68
-9
44
-60
-71
-51
66
79
-2
-44
81
15
32
-5
30
76
92
94
-94
24
69
-82
-39
9
-91
-18
-23
44
84
-10
64
-59
3
-4
28
9
81
-88
-32
-3
75
-46
16
23
-31
-59
-32
-1
95
33
-22
60
5
69
91
49
2
24
83
-65
-77
-48
-58
-57
71
-4
-79
-61
-54
-50
32
94
-39
40
88
85
-38
30
-33
-62
55
-99
0
-52
-91
31
-67
59
89
13
-64
88
86
-34
55
59
-35
80
5
96
-37
24
100
6
-46
-93
11
-53
-50
58
34
-82
31
-90
-12
22
-54
-19
-93
-21
83
89
-1
-30
-35
-46
61
77
-80
42
-35
-67
-40
-29
56
-8
71
71
60
30
-75
80
58
43
-21
-73
-31
85
-30
88
70
14
37
62
-4
15
-79
74
-79
0
-43
71
-93
-32
-36
-17
49
-54
-10
-42
21
-25
-30
-43
-41
26
-37
-41
49
90
-95
12
47
-18
78
23
-28
-35
10
0
-76
-28
-53
84
-27
19
62
-94
-94
-48
-48
-19
17
-22
-15
62
-97
-86
-3
-24
8
-55
95
0
29
99
83
29
-47
-23
-92
-73
-76
66
20
11
-55
-13
-60
94
1
77
-49
27
92
99
64
82
60
93
14
-47
-5
-100
-80
51
-72
76
-46
81
98
10
-23
-34
31
7
76
-21
-89
-95
10
67
-34
52
39
-61
60
20
64
55
3
72
-55
17
61
-53
-54
42
13
47
57
-49
34
40
-69
29
-62
-3
54
90
3
94
-95
73
61
-12
19
-38
57
-2
60
-33
-9
96
66
44
-41
82
-22
-49
39
-90
-55
-39
98
-18
-5
-38
-14
15
-97
15
-47
26
-66
34
45
65
-50
-93
61
64
39
6
13
-1
23
28
-61
-24
40
-84
-79
-5
-50
69
96
66
82
-47
-47
-55
-94
-4
24
-37
-52
98
-73
47
64
85
94
-81
-32
-88
50
-71
15
-72
7
-12
68
-18
29
-17
-44
-4
14
63
-1
-65
-51
-16
-23
48
79
-44
-42
39
33
-69
25
-35
-58
-22
66
-44
61
58
32
49
-62
-8
-66
14
-28
-49
-38
-24
-87
38
-44
-27
75
-55
-95
-36
-71
-5
88
36
-84
70
-53
2
-37
-10
-1
-58
59
-44
-61
44
38
43
-41
-62
-73
56
14
14
100
80
-23
15
55
46
90
-99
5
3
-43
93
-3
100
62
-12
-90
-60
29
10
-66
39
-7
-58
-51
-78
-39
95
70
-61
-42
5
-75
67
8
44
37
-59
-60
50
-86
-48
89
-62
-7
-31
84
-22
-59
9
83
-87
-76
4
75
-9
6
-100
-43
-3
50
96
-51
-54
-50
66
26
48
-89
-14
-84
75
55
47
83
-51
-93
69
-73
92
-43
89
58
-86
-52
-45
-55
92
-42
-1
-21
53
-42
-10
44
-28
53
33
-51
-82
-52
-92
23
13
-83
-66
18
-12
-88
84
-14
87
-25
100
79
32
40
-11
30
19
-80
-10
5
-59
27
23
-84
45
-73
-83
-99
94
72
73
-63
-65
5
-52
-64
67
68
-69
-41
-55
81
58
-30
71
-27
-69
55
-24
5
98
39
-16
-30
2
4
96
-18
35
-94
35
19
-61
60
-68
93
77
-82
-22
-84
-80
89
19
-47
34
23
30
41
58
49
-66
-48
-63
44
43
-2
-2
-43
97
-2
9
76
-12
-52
57
21
-61
34
-23
39
4
-48
94
100
61
-10
63
49
56
24
-50
75
-70
-34
-44
65
-86
-56
91
-75
-69
46
59
72
40
-67
-92
93
95
-39
-75
42
-62
12
76
-28
43
48
33
-94
36
9
-58
-28
46
-78
57
-32
-11
-32
-77
27
-54
-53
84
35
-81
-88
13
-70
-40
52
50
97
-46
72
6
18
35
-74
91
-68
-81
-31
11
67
25
40
-96
35
-11
30
-28
-11
99
-17
-52
-90
12
-91
-36
-29
2
94
84
19
95
-62
-54
-20
57
-16
50
-73
-50
-46
4
-70
41
71
32
35
84
-55
1
67
40
-92
-98
46
-44
-93
-52
45
84
-46
-59
49
-72
-50
-35
-8
-13
-40
19
68
66
-22
-93
-100
85
0
55
25
-11
-88
-85
-51
-64
0
77
82
9
-27
-6
-28
-79
56
70
-93
-72
93
-77
-51
-34
38
17
57
90
6
-95
24
56
77
28
-61
98
-13
-25
-61
-100
78
86
-87
-92
22
-72
-37
91
-21
8
53
89
44
-14
-60
50
63
-37
-91
-19
18
-50
70
65
-8
-9
-83
22
55
-78
-91
38
-68
10
-63
6
48
-59
41
77
-44
-59
15
52
58
61
-32
-35
-53
-23
-73
-85
67
73
-35
-42
-42
98
-48
-93
44
28
-65
30
-94
83
-34
-99
-65
67
21
-89
-62
76
-61
-90
-45
-82
-36
80
98
-67
-46
70
-56
-35
-93
32
37
90
-6
-99
62
28
45
63
-69
-57
-18
92
-34
56
77
-82
74
73
88
74
40
-27
-49
47
68
-2
72
45
-88
12
39
40
70
-31
99
77
-28
-7
-2
11
-53
-77
1
36
-50
-38
-13
-75
25
-83
75
-17
-37
71
-27
73
-72
-50
-10
33
-94
46
9
15
-96
87
-32
-18
-33
20
70
23
-83
19
75
-66
-49
-17
89
-54
-69
-16
-35
-50
-53
-89
39
-31
85
-84
26
9
69
17
77
-81
51
-47
-75
78
-47
19
70
-6
-31
-67
-70
-97
-50
76
-28
98
83
60
66
-27
-41
25
-28
94
28
-59
-23
72
95
-75
38
29
22
85
-96
-18
-70
52
-11
72
-31
-11
-83
-61
-3
11
-55
-13
78
-96
91
95
8
50
-91
-49
4
-92
57
-50
22
-57
37
10
-32
83
-50
53
60
73
82
20
-61
38
82
71
-23
89
96
5
-25
23
-82
76
12
10
53
-48
-56
62
-61
41
76
54
-47
36
90
-84
26
25
60
-28
46
-21
70
-95
-87
-39
-95
39
89
-46
-100
7
15
21
-6
-6
-28
-18
-79
81
92
-42
-25
35
60
-1
86
-49
-17
41
-39
9
39
15
-49
-91
-40
-70
70
-27
31
57
90
5
10
-31
-27
-53
-59
89
47
69
-76
11
90
-49
36
10
-39
-77
-52
-70
24
-24
34
42
30
48
-28
-92
-53
-27
77
-39
-50
47
73
-23
-67
-92
-79
2
50
5
-30
-94
31
17
11
-92
-15
-56
73
40
34
27
-75
17
-62
-88
54
44
-85
41
61
-39
100
-51
43
4
-52
-38
63
80
64
37
44
-87
-98
-90
-49
-15
-31
49
95
44
-48
-51
-29
-4
77
100
35
-15
47
27
-47
88
-89
-67
60
-6
-40
-96
57
-25
6
6
77
56
13
-91
45
77
28
-62
88
67
-61
35
-8
-64
-43
-28
-42
-68
-67
-73
6
53
-12
28
14
39
100
65
-28
82
-79
96
100
83
81
-81
-14
-49
17
97
94
28
89
-85
-28
-100
-67
3
-42
48
-13
-71
-39
92
-49
-70
-19
-80
-96
-31
-98
-21
34
-8
41
-87
-38
40
-21
-58
27
-13
-87
37
-92
-31
-8
30
-83
-34
63
-21
-93
-57
-54
-54
37
-19
51
53
91
-56
93
-64
77
-81
-11
-78
-64
79
41
97
62
37
-97
25
-81
-70
-29
10
67
2
74
1
-67
7
-77
-36
-100
-88
52
-16
3
-57
75
55
-12
-43
61
-33
-34
-47
76
79
-56
28
71
-98
-72
38
62
-46
6
-58
-18
0
-12
-5
-77
-33
13
18
-58
-15
5
-93
89
-75
-52
-58
-60
2
-54
29
81
-87
77
-28
-98
-54
-50
16
-29
51
-89
21
59
-67
-81
9
35
-72
61
-91
8
37
87
-23
-46
-21
35
92
-20
21
-73
-12
-52
19
26
-72
35
58
87
-58
70
-17
-84
-53
-17
95
-83
91
-73
-77
97
-65
-7
41
-10
18
50
1
87
6
-39
-3
51
-73
-72
-27
-92
-64
-92
-39
-100
27
50
39
-56
-22
-99
92
90
-51
41
-86
-43
96
53
38
61
-11
56
49
29
-82
-54
-58
67
-6
-91
18
-23
27
35
86
-40
-76
-48
-4
94
82
-5
3
75
65
9
75
16
44
-49
-57
-97
8
4
92
88
30
-77
72
-19
-26
40
-27
-98
89
-16
-24
-92
-59
-34
21
45
83
-69
46
-100
-3
-52
-56
95
56
-41
98
-12
-49
97
-51
81
-6
-52
-67
46
27
-6
98
72
70
-60
-4
-3
-65
11
4
76
99
69
94
-98
-93
66
2
-47
9
55
35
-25
98
-65
-37
-48
61
-75
43
-42
61
4
-14
-58
-69
1
-12
56
18
84
-100
100
-59
-10
-74
-16
-34
21
-61
-5
-24
33
-30
21
-48
-24
10
71
-3
87
-23
36
52
26
4
-48
71
-99
84
72
-83
47
-35
-7
21
57
77
8
59
16
-20
37
48
-43
-43
38
97
-80
42
73
-11
-72
2
-38
-68
-44
7
-31
88
90
27
83
53
51
63
32
46
62
-33
4
-68
48
-32
-13
-41
62
-79
-12
-28
-8
-4
-90
-82
91
92
-36
51
-82
-80
-88
-8
-49
-93
-5
70
85
14
37
-22
-69
28
-3
64
-14
56
-83
-63
39
44
38
-76
3
22
65
59
80
-11
49
58
-34
-81
63
57
60
0
-59
-99
-10
-96
-61
79
11
-21
94
92
62
-91
-42
31
-71
96
64
83
12
70
55
-89
18
88
-46
-100
-88
43
59
12
49
-19
-36
100
41
-48
31
-7
-40
49
-89
70
62
47
-51
-22
86
0
41
-58
-27
-46
-30
38
67
4
60
-57
-96
23
4
41
31
15
-26
-100
77
5
100
-94
88
71
-48
-79
18
92
-20
-63
70
-33
21
16
-89
-82
26
-75
44
82
58
-23
-92
-95
100
-3
-77
64
55
13
97
67
81
45
-59
-24
45
21
85
24
34
-69
23
-35
58
35
62
69
-51
-23
98
-53
-50
1
-82
59
100
19
35
-54
50
47
-87
-17
-36
88
-5
80
48
85
99
-26
40
82
38
19
56
6
0
-100
88
22
91
78
-40
36
32
-5
8
-10
41
53
38
-52
10
30
91
-99
-2
-26
71
57
75
17
-78
10
86
-77
41
-20
87
-20
-39
-83
-96
83
-57
-81
68
89
-12
-94
12
-76
-67
-33
98
1
80
4
-93
-54
-50
44
74
-47
28
66
-73
-88
89
28
-18
45
-82
48
4
6
19
-6
-25
-96
42
9
-48
66
38
-42
-36
15
-68
85
-24
57
-74
-68
13
-32
32
-51
-3
-10
59
-34
89
51
-100
-25
37
-8
88
-57
6
17
55
26
-99
96
-49
69
17
5
-37
78
-26
46
44
-8
-57
-79
71
-9
-40
89
-11
-5
61
-5
85
28
-91
27
77
59
58
92
24
-96
-89
-43
-50
52
-61
-45
-36
-39
-38
99
96
-60
15
51
-14
23
71
96
-45
73
-60
-10
-31
-80
26
17
-37
23
-60
-72
-20
-14
-58
-16
-37
-20
-73
22
91
81
-91
0
80
-14
73
68
89
51
7
0
79
-17
69
32
-53
-13
27
-11
-5
53
-7
-39
14
43
-3
-61
-27
-44
-95
48
-35
-70
1
-81
-71
-75
34
78
16
53
75
-70
71
-5
53
89
-79
-77
-24
36
-81
-42
-44
75
63
95
-36
-63
16
-47
-14
-69
-53
-7
-53
57
-68
-32
-71
34
82
-18
64
-29
-12
-43
13
43
28
-30
-26
-86
72
-41
-82
53
-81
-71
-22
-82
93
-82
-97
56
15
61
63
-64
25
45
-58
-77
-12
-79
45
-97
39
72
-65
-67
61
100
-93
18
32
-57
-58
-51
-11
30
-83
79
58
-48
-26
23
-40
-33
80
57
9
-95
20
-98
-3
77
71
79
19
-75
-84
-89
-92
86
-11
-60
17
-74
24
71
-73
-70
-1
19
21
76
-78
-25
-46
35
47
35
49
-70
-70
-78
30
-44
-8
65
6
91
1
69
-10
0
12
78
-20
-14
7
-71
13
49
98
-27
76
98
74
-78
-16
-84
-97
9
13
100
-17
-33
-62
85
-92
65
48
33
-50
-91
85
-27
-32
36
69
-49
4
11
-16
13
60
5
3
96
93
-83
-73
-66
-50
50
-1
-25
67
-3
-77
93
42
24
-51
11
71
-14
-64
-72
54
-78
-77
97
-61
-27
-21
-8
94
65
5
49
72
19
-24
43
9
-51
60
74
-84
47
4
61
-99
28
-38
100
51
-69
-92
-84
100
87
60
0
-24
-55
45
42
96
-40
18
-46
38
8
90
-81
42
-96
93
29
-24
86
-98
71
-52
77
-38
-73
31
-26
-58
-98
23
75
-71
-86
14
84
-4
48
98
-84
-24
35
-23
75
-76
-34
51
54
13
-11
-29
-86
-89
-74
-39
-11
-62
-57
-85
-59
40
-55
23
83
17
-95
72
39
22
-83
97
42
34
12
-58
14
-60
-38
-62
6
79
59
-51
-37
35
-10
50
12
-91
66
-34
50
-76
-20
-16
38
-14
13
-23
-92
-3
49
-57
3
28
-26
-33
-62
32
-59
69
37
69
-55
-63
16
-2
-37
-14
-64
80
-63
-23
18
25
24
-97
77
-64
-70
15
74
85
53
69
-31
-73
44
87
89
-98
6
38
-27
-93
77
57
50
-54
-65
46
15
41
67
8
-58
61
33
39
-11
68
-2
65
-27
-57
-86
-37
-92
98
81
78
53
19
-59
16
-90
-83
-55
-54
-4
71
-38
27
31
42
-66
-51
-24
41
67
-71
16
-7
-15
-11
-65
46
32
12
44
-92
-68
68
63
79
-65
30
64
-44
64
34
-85
56
-10
-83
76
14
-78
64
79
-85
-87
57
66
40
-11
-100
-90
10
-72
-25
-92
-19
-18
36
-49
-49
-7
16
15
30
-6
8
-18
-83
43
30
82
-54
-47
41
24
36
12
-32
66
-77
-87
5
-37
70
-35
30
60
-11
4
-84
26
56
-71
-83
89
-92
-58
-6
-95
-83
84
-93
-68
-59
-5
-79
-53
24
22
-61
-84
48
-84
-83
-19
-78
-44
0
-96
-91
55
86
93
-34
60
-81
60
-27
-57
-23
-89
47
84
4
67
-43
-27
23
-26
42
-54
22
-95
57
53
-29
86
-41
87
96
9
-46
-99
-58
-70
-69
23
-14
82
-60
-75
-15
-2
-9
-100
-44
-28
-69
-72
99
-94
62
99
31
67
53
-18
91
-64
29
-79
-38
61
-54
72
98
-5
38
37
-48
91
-87
-92
77
43
5
-42
-10
-27
-93
-53
13
-42
-1
-72
47
66
89
52
-73
4
-84
-91
-65
70
83
-92
-23
-35
78
-94
-10
4
69
-49
-14
-92
76
56
-91
-37
-70
-84
3
-20
-53
78
44
25
-20
76
-67
-44
-42
-32
72
-87
78
40
58
-52
-94
-13
14
100
75
18
-37
13
13
-18
28
-46
66
69
23
-5
-53
51
-14
66
87
66
68
92
-4
49
-100
-7
-42
28
-9
1
-38
-14
49
-61
4
-52
65
-93
-26
-99
45
63
28
-36
50
-55
53
-36
98
76
-17
46
10
-29
-76
-58
95
-64
77
82
36
-53
-50
12
-19
72
-64
75
-16
44
-33
30
-9
24
72
95
-67
-61
1
57
-78
32
-11
93
27
50
24
60
-1
88
-39
-15
-41
88
-96
76
0
49
-32
3
-98
88
-88
-92
-27
-79
-17
-6
53
1
51
9
87
-63
7
77
-10
-73
82
-25
-42
88
57
-22
-59
13
-60
46
37
97
70
-32
-98
-27
52
31
-87
-38
-68
-97
-43
86
-34
8
-35
-95
-75
-62
-64
-9
6
-92
-83
3
-99
10
78
-7
8
15
-4
-84
-60
74
45
62
-8
16
36
37
-1
-71
14
-32
31
-55
53
25
-14
61
-74
25
17
-35
90
-52
53
33
91
2
-18
20
-18
6
69
75
-4
57
-15
-36
92
-25
-83
-98
-71
6
2
-57
13
-4
16
-27
80
-19
38
6
73
81
-51
34
-6
-45
5
16
-48
80
79
-95
-75
55
-23
-33
29
-56
-65
-35
10
29
62
37
-29
-8
24
56
-43
-85
34
-81
52
98
57
84
-11
46
96
1
-52
54
29
19
-76
-30
56
-86
-52
-36
25
-89
-97
30
-96
51
-49
71
-67
78
7
93
51
67
-31
-91
-58
-100
-5
78
-57
-75
2
-45
-58
13
-32
-26
-6
-89
15
86
19
13
-44
-9
-58
-61
-31
-25
42
-91
-72
-22
35
6
-11
-24
-63
26
36
-26
67
68
54
-48
40
84
30
-67
82
-41
-46
55
30
-1
-57
87
-32
-48
46
-58
-54
-5
54
37
-39
56
-17
52
-55
68
70
51
-26
15
-30
-72
54
-25
32
-94
-92
60
48
49
-24
-63
39
-18
-94
84
22
-85
33
4
56
-55
-43
-21
23
-68
97
-37
-76
43
52
-95
-50
9
25
95
-59
-79
51
72
39
-15
-60
42
86
-19
-55
37
3
-48
-71
-77
16
67
24
-83
55
41
99
-7
15
-20
-47
0
-94
-60
-87
-81
30
-82
-81
-12
-69
-56
37
79
-32
44
96
-28
83
66
-98
-99
-71
-52
-44
-67
94
-36
94
98
40
-94
-62
52
97
37
20
-61
-27
-35
5
-88
24
-93
-42
74
65
59
91
38
78
-65
-43
-45
-52
-24
42
55
-92
13
27
51
-19
-84
66
-36
39
-34
23
-31
-64
8
-37
-84
80
57
34
-62
69
57
61
49
-84
1
-59
27
89
59
-40
-60
-1
13
-66
17
96
-73
-98
-51
29
-22
73
83
63
-94
-96
58
-25
3
59
96
-11
64
45
65
-50
-96
-67
-58
-88
-78
-23
4
-29
-26
80
93
-98
-49
3
67
-75
-76
42
-31
47
-47
59
19
-65
13
-9
-21
-49
94
-66
82
-6
21
-94
73
-70
52
30
-35
55
-4
-67
-35
99
-23
-29
40
-47
5
21
4
65
-63
-45
88
26
-57
-14
32
49
-58
-22
95
6
79
8
-86
75
-73
98
98
-93
-11
34
-96
-66
-6
-15
-45
52
-31
94
-71
72
-82
72
64
25
5
30
-96
56
70
-91
-36
-78
28
69
-87
-21
-74
-74
-37
-80
-14
68
-46
-44
74
48
-80
93
-66
-38
71
6
59
82
39
13
-50
-87
-9
-67
91
22
67
-20
2
87
-12
-53
13
57
48
-60
33
-63
-75
-87
28
76
43
5
8
-87
86
-93
-75
-52
4
25
40
-94
1
53
-51
-7
90
55
85
-90
59
-32
-17
79
-7
82
53
84
13
58
-43
-63
83
-39
30
27
-71
67
-2
-37
76
6
75
45
-62
23
-46
28
81
-88
23
-50
86
2
-12
-32
-64
66
49
98
-38
-16
94
83
16
-72
-56
-8
91
22
38
72
-31
-100
88
-1
-43
52
-42
13
8
-39
-11
83
48
-71
77
11
-23
-16
76
-47
78
63
-85
-10
74
5
58
-72
16
17
-24
-81
34
96
99
-19
-28
97
31
-6
55
-23
-39
64
18
-60
-13
22
23
52
72
-50
80
88
63
-32
37
55
-95
16
-82
-54
30
-39
-91
-93
-21
-96
-58
65
74
-80
81
-62
-31
36
-51
32
-41
0
52
84
38
98
-17
82
25
19
41
66
-79
70
-61
2
-87
-26
-89
82
-63
-22
-82
12
3
82
-65
26
89
3
-84
-65
8
-1
-16
-75
52
-72
-69
-78
68
-71
-64
-55
-72
47
-9
-52
-66
44
-15
79
36
21
-44
-53
81
94
-87
-75
22
4
50
92
-36
83
-75
36
85
100
16
36
-53
-92
32
100
-59
78
-39
-17
-78
-20
17
89
-69
99
97
-55
-30
23
-43
-41
-57
23
66
-14
97
53
-88
-42
-85
99
-80
-32
-81
-54
-55
-55
6
28
14
44
-66
-26
-58
99
-97
24
-87
-85
-80
-62
-14
77
3
-45
91
47
-62
28
-41
-38
8
-64
-10
-48
-36
-97
-26
-30
45
27
61
24
-38
-22
-53
74
10
99
-40
93
-14
51
-85
44
-39
73
-24
-59
-24
-84
92
-45
-50
-40
57
-27
36
94
16
75
42
-64
71
-100
20
48
-32
73
-42
62
58
-92
45
93
40
-43
100
-37
40
86
0
6
-6
86
21
37
79
-16
-95
-22
20
-51
-51
5
0
-83
88
-58
-74
1
-59
99
11
-57
16
57
-31
-50
88
67
-34
-21
95
96
-2
-4
-49
29
-66
-40
-10
40
-30
-16
-89
7
-96
16
10
-57
-28
-26
-82
23
88
25
38
98
12
-81
87
2
100
20
7
-33
-70
10
86
-81
10
-25
52
69
28
-37
-59
-34
12
37
65
92
-81
-37
42
24
49
83
-10
70
-41
36
78
-74
-41
-84
23
81
23
75
89
32
36
-80
34
5
-17
58
21
-12
-93
77
-24
-59
66
10
-51
-2
66
-46
31
74
78
-49
-63
88
21
26
53
-44
19
-61
5
-93
-21
-66
-96
-23
20
-21
63
86
-97
-24
15
-21
-65
26
-63
-38
27
80
64
82
-38
-85
19
-84
94
-52
94
69
-24
-55
-22
-49
-41
79
86
7
12
59
76
0
-72
71
95
-71
2
-30
19
73
23
97
56
-62
2
78
-94
77
61
100
-54
-39
65
18
-21
-1
76
40
92
97
97
87
-93
2
-62
24
48
32
0
-37
-83
-42
71
73
79
42
-20
-29
-31
-6
10
-3
-41
-38
-58
96
24
1
74
14
-12
-99
-59
46
-99
-94
40
76
-98
-3
98
42
15
-99
-52
-30
27
7
-85
-39
-94
53
91
-66
-34
20
-82
-58
7
37
29
69
-94
-98
68
86
-76
-97
-84
-24
-81
89
52
71
-29
-48
72
87
94
-61
-69
-13
20
2
94
-41
28
-12
12
33
-23
-15
83
2
-6
93
-98
-30
41
56
-15
41
-90
11
-26
23
74
-30
-81
-95
-10
4
-79
-14
16
50
1
-99
-80
88
10
17
7
-31
-17
55
-33
33
-17
-41
50
81
23
30
-58
33
59
-92
32
-18
-57
-33
-32
36
-16
-68
27
97
53
-93
80
-51
11
39
-30
-91
-21
28
32
61
-4
-87
-4
-7
-14
-9
1
64
-17
87
-53
-65
83
31
-32
13
94
2
-21
50
89
-19
55
52
61
-84
88
-73
33
-16
-46
-3
77
3
-45
-67
55
-3
61
53
60
5
29
49
-33
-60
22
48
-87
-2
5
62
-53
39
71
-71
-4
-40
12
-77
-16
-23
-82
-64
-82
-49
-28
-42
-40
57
43
-12
17
10
79
-32
-74
-73
-80
69
79
9
-88
-99
30
-7
-81
-42
-35
-36
-3
-66
22
-38
98
-48
-7
-31
88
37
-50
13
58
-42
18
53
-92
70
6
-51
-24
22
-68
-46
97
56
-100
74
-98
-9
68
3
-8
46
-44
34
21
73
53
78
-4
17
-2
-46
-17
1
-30
-4
-69
-24
-31
69
-56
-18
-86
-21
80
-89
-86
-40
97
61
-8
64
91
-68
-29
-67
88
-92
-46
60
82
-49
20
-59
-13
-77
-10
-5
78
-90
84
67
7
-20
52
-55
-80
-63
49
17
-48
-74
-68
-95
62
97
50
-16
87
-81
39
-13
10
-47
-36
39
-19
59
-96
61
64
81
-9
57
-7
54
19
-58
-19
68
72
-92
-69
-68
22
81
-13
61
-52
-50
22
-37
-30
48
-55
12
-99
39
-11
67
-69
-15
79
37
-51
-42
100
24
-7
59
-21
56
69
-98
94
-2
-15
-97
96
-74
-6
89
2
49
30
-88
23
-21
19
94
36
-91
-35
82
38
43
-26
17
6
5
0
15
-73
85
-33
28
17
82
91
-24
-32
31
-41
-57
79
69
67
-55
-57
66
4
-70
-31
1
-7
32
90
-28
-99
-37
-38
52
-10
-78
94
76
70
84
-55
-24
-30
21
90
31
-86
-75
14
18
-68
-79
65
-90
22
-43
93
59
-42
26
-73
5
-92
-3
-16
20
80
97
8
18
-99
82
-77
-47
-64
50
-64
78
-47
35
-59
-18
78
-35
-91
67
-40
-81
-11
-4
-50
-34
-34
-27
37
-57
-17
77
40
-98
97
34
60
-44
45
87
7
59
67
30
46
1
-79
98
32
33
48
58
-17
-3
-95
98
60
30
-98
85
-62
-75
96
0
-51
-1
-80
-18
-14
56
55
97
59
73
51
-73
-71
35
14
81
75
-30
-71
35
45
64
-100
66
-50
-53
-33
87
-67
-16
85
26
-1
36
95
-57
51
64
-46
-56
-30
59
-49
-24
-47
-42
85
10
-39
-38
42
44
32
-21
-60
64
15
55
-92
-62
14
-55
-93
-67
55
-86
24
-20
96
-84
-85
64
89
49
-32
80
-97
32
-4
46
-5
47
30
-77
-36
-36
93
11
-15
92
-12
-69
-68
-81
-72
38
-43
-71
-4
-41
-28
32
87
20
-30
-13
-49
-9
-73
46
50
-83
78
60
-19
-37
-15
8
-5
-90
16
-43
-68
61
-5
-22
-21
-72
4
-47
86
-26
86
-22
72
84
-68
-78
-60
35
33
-43
-71
74
75
-67
32
-33
-94
-79
63
-26
73
-23
89
-75
-8
77
-56
-6
35
58
-74
33
98
-14
78
-48
-63
-60
28
79
-51
68
29
30
69
63
38
49
-6
7
-12
-16
72
62
-65
-95
10
-35
35
-85
-2
-35
-42
-49
60
4
-74
-93
-63
-25
71
13
-77
-59
-83
-29
37
-95
38
-22
44
-53
-32
-40
-58
-27
-64
-44
13
-39
12
-97
-20
89
-65
-14
41
-20
54
-60
62
-34
-71
18
-92
62
67
-13
-8
-9
23
13
-57
-38
75
-7
94
-80
-17
44
-14
-1
-89
-100
2
82
88
80
13
-84
-7
65
18
-4
66
63
-45
67
-99
-34
37
65
67
-85
78
-79
74
54
94
-26
-30
15
-23
-35
-18
-19
17
99
-58
67
92
90
-61
95
-70
-41
68
-83
-47
94
50
-99
-13
-12
48
65
-48
-61
-25
23
-17
52
-89
-5
44
73
-25
24
-50
-84
68
68
77
99
-78
93
-36
36
49
-47
43
36
-57
67
-65
70
-70
22
-28
-53
-32
-62
10
-61
9
-14
-48
-74
28
17
97
19
10
-9
-56
-44
-81
40
72
-20
-34
77
95
20
-7
-60
3
-57
26
-21
-41
89
-98
72
25
-90
83
-90
84
20
49
59
-77
-29
-55
34
87
-94
-67
-17
34
37
22
76
-83
-24
-76
64
-70
-84
-45
40
-18
-48
59
48
-97
-34
-54
37
74
40
-24
-55
-58
92
-93
-53
-95
10
-81
66
10
64
-81
17
100
34
-87
68
52
-82
-100
10
34
-19
0
-20
-46
-60
38
-63
43
14
82
33
9
86
65
-68
41
19
-67
-40
-33
-68
-15
-17
45
-96
-55
79
63
-49
12
-86
-24
75
-79
-74
-85
-72
65
-86
43
-97
-54
89
-13
36
36
53
-19
-89
-74
1
-8
14
-46
65
-94
-85
59
15
54
-22
-73
-84
-19
-87
78
-33
1
-23
-46
26
-18
60
0
-46
86
32
-14
-19
-53
-8
-11
79
-56
-39
51
34
52
-41
9
98
66
-64
-29
16
25
-58
-83
28
17
13
74
32
71
-28
-71
59
-16
-65
26
40
-89
100
-33
-30
-45
93
63
-81
30
11
92
7
49
-85
-40
23
59
7
28
-79
-36
-68
80
10
14
-91
60
60
-81
14
-88
86
-95
13
3
30
42
-31
82
2
29
-90
7
94
92
-45
-13
13
89
100
97
-20
22
52
-46
-83
95
3
-61
-36
-48
11
-36
95
66
83
-96
-51
57
-6
62
-44
24
-55
-76
-21
-49
-41
-16
-39
72
-84
-38
-43
8
81
41
-2
5
20
37
64
-11
55
21
-55
-62
-54
72
57
32
42
-82
88
-100
4
45
64
-5
26
-7
-9
-76
-75
98
36
-15
57
-28
93
10
-67
-22
-78
62
-61
63
-7
-58
21
45
59
55
-25
-2
63
-45
-10
81
-46
-42
15
27
25
-7
-13
-80
96
56
71
77
-77
53
19
-61
76
-73
-95
27
-52
76
99
86
-50
19
-93
40
79
9
-59
-43
57
73
88
-87
58
-88
-95
22
-4
-7
-74
95
-28
57
-16
-48
45
-95
92
81
-75
11
-72
-89
1
-52
36
-97
-79
12
69
-72
-77
-13
32
-11
-50
-76
-95
66
85
-86
4
35
18
72
-85
95
81
-91
-43
-46
82
-15
59
-82
57
-60
52
-30
-54
54
30
-58
-54
-55
-81
35
-43
-14
87
40
-94
35
-81
84
-85
-37
-46
-12
-66
-46
-52
-45
99
4
41
-35
66
78
50
89
89
60
60
48
-37
-5
89
-30
-75
-60
19
-27
-72
35
90
-43
-23
-17
-86
1
98
-35
-46
-42
70
-2
86
-78
-67
-33
-11
59
31
-99
-79
62
-53
38
-34
-61
-14
51
-69
91
6
-66
37
69
-84
14
-58
10
-91
28
-71
18
71
-2
82
-88
33
29
-28
97
-25
-17
-24
35
13
100
16
32
58
-97
66
99
16
43
73
-47
-44
-23
9
-16
45
-10
12
81
30
-16
49
-82
-15
43
-12
85
62
49
3
67
40
15
-39
72
-77
68
42
-74
17
80
80
10
-94
56
-45
17
-83
10
-56
92
-45
-6
59
35
-9
-35
-70
-46
-50
-38
80
87
-87
66
-76
-11
41
74
94
-90
36
33
58
-69
-93
-52
49
-58
-5
58
95
-84
-79
-32
-98
64
100
-62
99
-19
-42
-43
54
-58
14
-67
31
50
77
68
59
-79
-11
-49
30
-89
67
85
6
33
-36
98
66
10
28
58
35
-84
-96
93
84
-51
79
-38
-63
-26
-25
-53
-52
89
94
26
-63
-49
72
69
22
28
-49
-41
73
-89
-18
59
-54
-38
9
7
-58
10
39
-17
-90
25
75
-56
-25
71
21
-99
-1
-54
-84
44
53
66
74
43
-65
75
96
42
32
-4
-45
74
-42
85
15
43
12
-1
-83
-43
-63
1
-34
92
-77
45
67
-56
29
98
-55
-20
-39
-33
-73
94
65
-91
11
99
4
-88
28
98
60
53
30
-63
48
31
-2
59
52
-32
-74
-41
-8
-10
64
-86
55
-61
-65
-63
-10
84
17
-41
15
-27
70
-45
97
-95
-3
40
54
92
27
-68
-49
21
35
-69
-52
-54
17
-39
-83
19
-87
97
-53
-68
-14
-100
-55
-64
30
48
32
85
-36
47
-86
6
12
50
45
-14
95
-43
63
-14
-75
-80
-54
-54
-5
-41
-32
-69
-2
52
65
-55
70
88
-68
23
-86
47
-83
-6
55
-69
75
67
-83
69
-88
-97
71
-32
-72
34
-11
-41
-35
-22
84
-65
-8
11
84
56
-99
-29
79
-78
99
20
-60
46
-30
34
48
-14
-62
-64
69
-15
-63
-100
-12
6
82
9
-95
2
87
-50
-41
18
80
-33
35
5
-94
1
-29
85
96
-43
-9
-95
89
-17
-85
-97
-83
41
53
97
50
14
-74
36
35
-94
-49
-55
-36
-84
-59
-52
-93
80
32
51
-92
77
-100
89
71
-57
66
-37
-44
90
-41
29
-54
-18
-59
61
-89
-47
45
-33
-25
-20
32
57
-8
-52
2
-82
-68
87
19
20
91
-58
-82
-69
23
-89
-1
-21
-65
50
-50
-84
-50
-49
18
-37
71
62
62
82
46
24
70
-56
-7
75
-33
34
-75
70
5
-46
-56
48
99
-95
90
8
-57
-80
-24
-35
-99
4
53
-47
99
52
-36
69
-4
66
-30
-41
13
22
-28
37
-33
94
80
81
38
57
-36
76
11
-76
-61
82
94
-15
66
-88
33
80
32
-83
70
-64
19
51
-47
-8
98
-30
-91
-53
-29
20
98
-89
-25
22
-35
79
-20
-46
81
-72
-71
38
-12
-45
-35
23
22
23
-77
44
63
-26
49
62
25
52
-33
68
44
10
47
-62
-78
18
96
-65
100
-27
68
12
59
-12
-12
-94
58
-38
51
8
-88
-15
75
44
-19
20
-8
-95
0
67
-71
44
43
-84
8
0
-7
-40
-100
69
-44
83
33
-99
-42
-85
-43
33
82
-23
67
-97
20
1
22
2
65
-33
-42
-85
36
44
-71
3
-39
91
-15
-46
30
-2
-29
-92
84
-68
-82
-94
-64
-78
-99
-22
-1
75
6
-12
82
-79
66
-100
100
25
18
-31
-48
64
-90
8
11
-59
84
87
47
48
7
4
38
-73
18
-88
-34
-74
64
100
-27
-73
95
61
-71
-83
-96
-45
52
-38
-33
-52
14
55
-72
8
-73
92
-71
16
-77
13
-40
-6
35
-69
86
21
84
54
-55
6
74
-72
-40
-67
-4
0
24
-39
-69
-53
61
48
-20
18
100
93
-92
-47
4
1
-48
29
-93
37
75
-73
-94
-76
36
-87
-60
-96
-29
60
-69
49
-95
-42
-85
-89
-45
73
-86
-84
-15
-72
88
34
-92
-49
-34
-71
-40
43
59
-57
-81
46
-1
-68
7
83
57
-95
-75
-58
5
-11
3
56
-24
-1
-83
86
33
0
-15
-91
-4
82
-7
38
-56
-96
7
96
60
-97
-79
-30
-71
-62
-84
9
46
-75
93
-61
75
-71
-80
23
97
59
-53
42
-59
88
64
-44
85
39
-82
90
-58
10
55
-68
53
-41
56
-8
99
74
75
-29
-73
13
5
14
14
82
13
-19
-16
90
-100
-27
72
94
82
-1
-97
-96
-23
66
76
-22
59
-41
39
72
-36
-69
-71
-83
89
33
-60
-86
82
73
-90
-90
56
75
-27
-98
-88
-93
10
5
3
36
-83
-70
52
94
-74
-56
-59
35
-80
-13
-3
100
93
-94
14
42
-8
-79
-17
46
-68
-98
53
-65
9
-61
44
-49
18
0
-30
79
-86
72
99
81
-78
-67
-85
-25
65
-37
42
-20
-18
96
-22
-6
-16
13
74
77
-74
-95
72
-8
-22
1
-88
91
22
-63
-55
-63
-38
83
-78
44
61
34
-53
-92
45
4
-20
6
63
-41
7
-5
64
69
-86
-80
-55
-28
-17
-83
71
-2
55
99
46
-72
3
-60
-45
-61
-26
50
-7
-15
92
38
13
-58
-97
31
35
5
-56
76
20
-29
-10
-18
-2
90
59
-50
-73
-21
-86
-51
13
12
72
72
-64
11
31
96
20
-23
-54
-72
-55
-5
-24
83
-100
98
85
37
-77
21
-90
42
-6
46
12
-2
-22
-43
-3
-27
83
49
-61
-25
-88
-17
95
-48
-8
59
-16
-19
-28
-39
56
77
-69
49
77
74
7
-46
-10
37
90
88
10
-50
-24
70
-83
-82
-19
66
18
-56
72
-78
80
-94
-78
44
-50
42
59
-40
-87
28
-100
13
50
9
-11
-30
-96
61
-67
-81
-28
13
46
-21
70
63
-33
61
-96
-26
45
-18
-99
97
-3
-54
-77
96
-6
60
21
49
4
2
-79
71
-80
-48
-13
-31
65
56
-96
-48
76
52
-25
20
-76
7
70
-99
-97
27
49
-68
18
19
-8
7
76
44
-30
97
-31
91
35
71
-82
4
-27
12
-2
21
-47
-90
65
28
-67
90
-89
-67
-38
-40
95
-93
-49
-19
-80
13
-64
-79
8
68
84
54
85
-68
-46
-100
96
-23
-4
4
61
95
16
48
60
74
-74
-45
41
31
-21
-60
73
-23
-19
-81
37
76
80
64
-90
93
-5
-50
-32
78
-97
-14
19
-83
-20
96
97
18
-39
60
25
37
-5
27
78
86
12
13
9
35
-100
25
-61
-27
19
-93
-82
0
-73
31
-57
18
-9
-25
37
43
-67
56
-84
-92
-28
47
15
8
22
-66
56
97
71
-33
-77
-80
72
-15
-74
-33
12
47
-64
0
-14
-64
-43
100
60
16
-17
32
-24
-3
-30
50
-25
57
-90
77
-31
49
93
-9
-60
48
-99
36
-24
90
-41
-14
1
-10
-87
-59
85
-15
-7
64
-100
-95
37
63
-71
43
78
82
-78
72
-6
-10
-61
89
35
-22
20
40
85
99
-50
-9
-5
-4
-53
60
19
-53
48
-65
82
0
16
-97
89
89
50
-2
-30
3
-77
26
-40
63
-95
74
84
-26
15
32
-81
-11
-40
3
-37
58
1
12
94
-92
90
13
-59
93
-8
-18
-48
-75
-73
59
75
27
-20
69
-79
83
-52
-37
-42
-89
-23
-67
30
32
94
32
82
65
-94
12
40
10
-21
-79
-89
85
94
-81
-23
-68
-43
-6
-93
96
25
-98
-49
-74
-66
-46
28
31
60
-15
-59
90
65
-19
76
-36
-41
36
17
82
-35
39
-19
-40
32
-22
-40
80
47
73
-97
31
-60
89
88
-3
-71
-81
-64
-24
-88
8
-93
-26
47
-13
-81
0
30
-64
-74
-86
5
-73
-72
-26
27
17
-8
78
-17
97
66
21
83
95
33
-13
8
-35
95
3
84
-2
18
98
-65
69
20
35
16
-32
-63
-34
-81
96
2
-45
-15
28
22
11
68
5
34
97
-57
-98
-17
-22
-82
-7
18
-98
-87
-70
-9
-23
27
-58
-37
-11
52
-67
49
-99
9
82
55
87
90
8
-12
16
15
-57
-57
69
-15
-23
-9
-36
-19
-96
75
71
-99
66
85
-3
-92
-3
34
61
-40
-58
12
-26
65
-88
-12
86
50
70
-79
44
-14
91
34
18
-72
50
-52
-7
-53
1
94
-100
-96
50
-10
-16
-26
44
75
-6
-49
-70
26
-14
91
-96
1
-69
-100
38
-69
54
-33
63
-34
-36
2
-69
71
-31
20
3
71
20
34
45
-38
-42
-13
16
-81
19
1
60
95
55
-83
3
0
-89
45
13
-40
31
-69
81
83
84
9
-17
60
84
-48
-99
14
-30
-28
43
84
-24
68
91
60
-46
21
-5
-72
19
-30
2
32
78
99
47
-6
-43
70
-23
47
40
-14
-30
-100
44
-72
73
-35
-7
-24
30
29
18
29
-41
28
59
-3
-73
-4
63
-89
-97
54
31
-48
-99
-14
26
-1
-64
-78
57
-50
68
-87
-61
-3
-82
-46
-75
82
-6
-48
13
-35
-51
16
-88
26
-42
-10
-12
-18
-81
86
38
71
22
13
78
35
36
83
-25
46
-100
-38
85
-9
-28
-37
-71
-65
-8
-65
-38
26
12
-41
100
-25
-57
-23
-31
5
0
3
-90
-26
-18
-5
-5
71
58
-1
66
92
-15
6
99
62
-80
-53
-97
79
67
-91
-27
95
0
37
31
9
-63
-65
2
-65
-21
19
-9
-25
-20
28
-55
82
-84
-76
-16
-38
-66
-100
41
30
-92
-50
-7
-100
-62
-31
24
65
-56
-21
-55
0
10
-88
-4
-12
-91
-59
50
-24
-77
-65
-49
-61
72
39
85
-82
-8
-16
96
-77
-95
-21
-41
53
-31
32
80
-39
64
39
44
11
-42
-28
6
-82
-9
2
-39
-66
-59
33
38
-54
-92
-50
-79
-13
-33
77
-37
-1
-90
-70
6
-6
37
100
48
-100
100
-72
-66