1000
1
-14
-56
2
-53
-28
-18
42
-8
29
4
-54
53
-77
60
21
46
-86
73
22
29
91
-85
-65
32
57
-69
-68
-47
74
-27
25
-37
-46
-100
-3
96
-54
-80
-38
83
25
-96
100
-35
-34
-35
-36
37
87
92
-16
-32
-61
-22
-84
5
93
96
-25
-1
8
32
48
-9
-59
30
36
64
43
-84
-28
-42
-34
-6
-61
77
-35
39
-75
88
62
-73
19
-64
25
-37
38
31
68
-10
-8
92
29
-73
-51
-44
-81
-24
-24
55
-97
-93
-55
-39
78
-58
-39
-85
76
-84
22
-41
-93
13
90
15
36
-10
74
-77
-32
-88
39
-11
-70
-19
-70
-29
97
-69
-77
-75
55
90
36
-6
46
-14
4
88
57
-34
-63
-94
-72
-12
-82
100
51
-16
26
78
-53
-52
7
37
-7
-70
-59
5
65
92
11
82
46
-63
79
34
-42
-72
41
-67
-61
12
-18
14
-26
-77
-4
2
90
-50
88
-18
85
-69
-59
23
48
-89
-97
-54
92
83
99
17
-8
83
-66
30
59
-75
-8
31
-87
-7
61
-93
45
97
4
-77
94
12
86
60
83
-31
4
37
24
-60
14
-31
56
97
35
85
-89
-6
-69
52
34
-23
7
33
-49
48
-23
56
81
62
-88
79
-86
-74
-99
-86
-72
20
2
-80
-87
-40
-69
-79
-61
29
8
-30
67
-96
6
84
72
4
-91
-35
-83
-1
-69
43
-3
27
-25
34
21
56
61
-91
-50
-3
4
37
58
93
-56
84
68
2
98
-72
35
-25
-15
22
-18
-7
95
25
6
-98
44
-14
-68
-19
-46
19
-11
-52
82
24
-28
11
-50
4
80
38
42
70
-45
-62
-83
-99
-12
83
2
15
30
-39
88
93
-11
-57
41
44
42
0
73
-97
98
-43
97
-71
-14
20
73
34
-65
-79
87
-37
-28
-29
-93
45
74
-61
-44
98
-18
68
42
80
-39
53
-35
61
36
82
32
61
6
-42
47
1
26
93
50
83
69
7
26
69
60
-23
24
-41
-2
-40
-91
-24
84
91
-13
23
-75
30
-35
93
96
88
-42
91
-57
-99
-55
-43
-71
89
-28
-97
-60
89
-11
-52
-42
45
37
-1
-50
4
-93
-23
-47
-22
-52
10
-82
-86
41
44
-26
-15
91
87
-52
-53
-58
-73
93
97
-79
18
-63
-23
52
-8
69
99
-12
-91
61
2
88
29
30
84
-8
-43
-65
-11
79
96
41
-42
-72
74
-85
-59
96
40
-69
42
-53
5
-85
-22
41
-39
-45
2
0
9
38
-92
73
-45
53
39
84
-85
-86
-63
1
-39
-27
-93
-45
-76
-89
19
-67
18
35
-68
34
46
-14
63
-1
52
70
-71
66
-70
-88
13
42
60
73
-3
9
-60
92
5
-2
-55
32
-19
-57
47
70
75
39
-4
99
84
86
49
-58
94
-94
87
-83
-47
52
70
4
-16
-33
-13
32
-79
63
-7
40
21
-27
0
27
21
1
-39
-53
-54
100
10
22
22
-75
-45
-90
-65
96
4
-96
1
10
-36
-85
42
54
59
88
-10
-95
26
-97
24
15
-50
71
55
65
-98
-20
87
-80
-50
90
51
68
83
93
-17
51
68
-25
-92
-82
-21
58
-79
-93
76
54
51
-41
44
-43
98
-86
-99
-31
-66
-40
-67
26
99
35
-33
-66
56
22
-58
-38
71
-26
-37
51
-65
-85
91
-83
6
-31
-81
-32
-9
-24
5
-23
13
-59
-81
81
40
-78
-12
83
11
-12
-5
17
11
-46
43
52
57
-16
-59
-98
-27
-62
44
-65
-12
78
24
-90
26
69
-58
30
-13
21
5
57
-82
97
51
43
-84
-39
-90
-82
-85
-37
-28
25
69
18
33
-6
17
-51
-2
5
-29
39
81
-62
-29
70
-6
22
-72
22
97
84
-13
11
-73
-30
-97
-56
-38
-35
-99
-98
-29
-99
87
13
-77
49
67
-43
-9
-87
90
47
80
87
-43
-45
-55
6
76
-14
58
-12
65
-38
-51
-26
-26
-13
-10
40
38
55
-56
52
-16
-27
-53
-24
64
64
-8
-17
68
26
62
57
15
-13
99
94
-92
21
-33
-86
85
-30
13
-89
91
-79
-51
25
49
-1
93
29
77
-97
62
4
28
95
45
-81
99
96
57
-54
-47
-74
-64
19
6
-83
-86
9
-58
71
42
47
-89
-50
-45
-52
15
0
27
-73
13
75
-12
-23
27
-85
1
41
-30
21
-64
-97
-75
9
71
57
5
-60
67
32
-40
38
37
93
54
-64
13
60
-15
23
-13
40
-44
-17
-43
-75
-43
100
-92
-37
-51
-78
-50
-42
12
-52
-79
90
66
-62
-16
-85
-5
8
21
27
-17
34
77
-76
-81
55
-55
62
-97
55
73
46
-93
-49
-61
96
-28
-36
47
-44
-86
44
-9
91
-23
82
60
10
96
-90
-15
0
-83
78
3
54
-12
-51
-97
-73
40
26
64
1
-30
82
-23
23
40
-64
49
26
7
-36
42
-61
-65
93
82
18
-23
-4
25
76
31
-100
11
-30
-33
50
55
-34
-58
0
-54
87
16
44
14
17
43
-46
-89
-86
45
70
64
-3
-45
-43
84
-96
54
-52
-46
88
4
-89
61
-99
-47
65
-35
-38
25
32
-54
96
-84
71
-48
81
-84
-97